Size,Duration_in_us,If_sorted
1000000,1052066,1
1000000,1408929,1
1000000,1435961,1
1000000,1464630,1
1000000,1218245,1
1000000,1309222,1
1000000,1472183,1
1000000,1390969,1
1000000,1498909,1
1000000,1353470,1
1000000,1566209,1
1000000,1020552,1
1000000,1405216,1
1000000,1491011,1
1000000,1458224,1
1000000,1320346,1
1000000,1239810,1
1000000,1335809,1
1000000,1307315,1
1000000,1119385,1
1000000,1371961,1
1000000,1205213,1
1000000,594038,1
1000000,1491762,1
1000000,1403255,1
1000000,1271099,1
1000000,1336860,1
1000000,1553802,1
1000000,1328227,1
1000000,1500617,1
1000000,1430363,1
1000000,1575909,1
1000000,1295940,1
1000000,1552707,1
1000000,1196994,1
1000000,1455171,1
1000000,1518157,1
1000000,1358516,1
1000000,1541430,1
1000000,1532299,1
1000000,1495185,1
1000000,1357794,1
1000000,1249720,1
1000000,1522262,1
1000000,1459333,1
1000000,1505028,1
1000000,1514626,1
1000000,1426384,1
1000000,1467062,1
1000000,1506642,1
1000000,1365544,1
1000000,1251929,1
1000000,1514061,1
1000000,1261235,1
1000000,1141937,1
1000000,877941,1
1000000,1266551,1
1000000,1495172,1
1000000,1138869,1
1000000,1308024,1
1000000,1284902,1
1000000,1330400,1
1000000,1463558,1
1000000,793692,1
1000000,983765,1
1000000,1533392,1
1000000,1453735,1
1000000,1461490,1
1000000,1365573,1
1000000,1435414,1
1000000,1492379,1
1000000,734753,1
1000000,1387603,1
1000000,1176711,1
1000000,1355713,1
1000000,1163003,1
1000000,1060691,1
1000000,1318341,1
1000000,1331604,1
1000000,1484527,1
1000000,1269974,1
1000000,1363089,1
1000000,1363099,1
1000000,1315826,1
1000000,1371267,1
1000000,1095044,1
1000000,1295678,1
1000000,1278727,1
1000000,1213212,1
1000000,1485339,1
1000000,1444422,1
1000000,824362,1
1000000,1339961,1
1000000,1437934,1
1000000,1535861,1
1000000,1545768,1
1000000,1458792,1
1000000,1449596,1
1000000,1277402,1
1000000,1468726,1
